/*--------------------------------*- C++ -*----------------------------------*\
| =========                 |                                                 |
| \\      /  F ield         | OpenFOAM: The Open Source CFD Toolbox           |
|  \\    /   O peration     | Version:  2206                                  |
|   \\  /    A nd           | Website:  www.openfoam.com                      |
|    \\/     M anipulation  |                                                 |
\*---------------------------------------------------------------------------*/
FoamFile
{
    version     2.0;
    format      ascii;
    arch        "LSB;label=32;scalar=64";
    class       vectorField;
    location    "constant/polyMesh";
    object      points;
}
// * * * * * * * * * * * * * * * * * * * * * * * * * * * * * * * * * * * * * //


882
(
(0 0 0)
(1 0 0)
(1.7 1 0)
(0.7 1 0)
(0 0 0.05)
(1 0 0.05)
(1.7 1 0.05)
(0.7 1 0.05)
(0.0499999999998994 0 0)
(0.09999999999981414 0 0)
(0.1499999999997029 0 0)
(0.1999999999995569 0 0)
(0.2499999999994109 0 0)
(0.299999999999265 0 0)
(0.3499999999991191 0 0)
(0.3999999999989731 0 0)
(0.4499999999988272 0 0)
(0.4999999999986921 0 0)
(0.5499999999988131 0 0)
(0.599999999998945 0 0)
(0.6499999999990769 0 0)
(0.6999999999992088 0 0)
(0.7499999999993406 0 0)
(0.7999999999994725 0 0)
(0.8499999999996044 0 0)
(0.8999999999997362 0 0)
(0.9499999999998682 0 0)
(1.03499999999992 0.04999999999988566 0)
(1.069999999999861 0.09999999999980196 0)
(1.104999999999788 0.1499999999996968 0)
(1.139999999999681 0.1999999999995439 0)
(1.174999999999588 0.2499999999994114 0)
(1.209999999999501 0.2999999999992871 0)
(1.244999999999402 0.3499999999991464 0)
(1.279999999999298 0.3999999999989976 0)
(1.314999999999211 0.4499999999988732 0)
(1.349999999999129 0.4999999999987561 0)
(1.384999999999225 0.5499999999988924 0)
(1.419999999999325 0.599999999999036 0)
(1.454999999999443 0.6499999999992039 0)
(1.489999999999555 0.6999999999993637 0)
(1.524999999999626 0.7499999999994663 0)
(1.559999999999704 0.7999999999995772 0)
(1.594999999999796 0.8499999999997083 0)
(1.629999999999853 0.8999999999997905 0)
(1.664999999999914 0.9499999999998769 0)
(1.650000000000388 1 0)
(1.600000000000776 1 0)
(1.550000000001164 1 0)
(1.500000000001552 1 0)
(1.45000000000194 1 0)
(1.400000000002329 1 0)
(1.350000000002717 1 0)
(1.300000000003105 1 0)
(1.250000000003493 1 0)
(1.200000000003838 1 0)
(1.15000000000316 1 0)
(1.100000000002438 1 0)
(1.050000000001716 1 0)
(1.00000000000102 1 0)
(0.9500000000008352 1 0)
(0.9000000000006682 1 0)
(0.8500000000005011 1 0)
(0.8000000000003341 1 0)
(0.750000000000167 1 0)
(0.6649999999999231 0.9499999999998903 0)
(0.6299999999998591 0.8999999999997987 0)
(0.5949999999999198 0.8499999999998855 0)
(0.5600000000001009 0.8000000000001443 0)
(0.5250000000002892 0.7500000000004132 0)
(0.4900000000004824 0.7000000000006892 0)
(0.4550000000006685 0.6500000000009551 0)
(0.420000000000866 0.6000000000012371 0)
(0.3850000000010641 0.5500000000015202 0)
(0.3500000000012485 0.5000000000017837 0)
(0.3150000000011314 0.4500000000016163 0)
(0.2800000000010069 0.4000000000014385 0)
(0.2450000000008776 0.3500000000012538 0)
(0.2100000000007531 0.3000000000010759 0)
(0.1750000000006329 0.2500000000009042 0)
(0.1400000000005035 0.2000000000007193 0)
(0.1050000000003812 0.1500000000005446 0)
(0.07000000000025741 0.1000000000003678 0)
(0.03500000000012515 0.05000000000017879 0)
(0.0499999999998994 0 0.05)
(0.09999999999981414 0 0.05)
(0.1499999999997029 0 0.05)
(0.1999999999995569 0 0.05)
(0.2499999999994109 0 0.05)
(0.299999999999265 0 0.05)
(0.3499999999991191 0 0.05)
(0.3999999999989731 0 0.05)
(0.4499999999988272 0 0.05)
(0.4999999999986921 0 0.05)
(0.5499999999988131 0 0.05)
(0.599999999998945 0 0.05)
(0.6499999999990769 0 0.05)
(0.6999999999992088 0 0.05)
(0.7499999999993406 0 0.05)
(0.7999999999994725 0 0.05)
(0.8499999999996044 0 0.05)
(0.8999999999997362 0 0.05)
(0.9499999999998682 0 0.05)
(1.03499999999992 0.04999999999988566 0.05)
(1.069999999999861 0.09999999999980196 0.05)
(1.104999999999788 0.1499999999996968 0.05)
(1.139999999999681 0.1999999999995439 0.05)
(1.174999999999588 0.2499999999994114 0.05)
(1.209999999999501 0.2999999999992871 0.05)
(1.244999999999402 0.3499999999991464 0.05)
(1.279999999999298 0.3999999999989976 0.05)
(1.314999999999211 0.4499999999988732 0.05)
(1.349999999999129 0.4999999999987561 0.05)
(1.384999999999225 0.5499999999988924 0.05)
(1.419999999999325 0.599999999999036 0.05)
(1.454999999999443 0.6499999999992039 0.05)
(1.489999999999555 0.6999999999993637 0.05)
(1.524999999999626 0.7499999999994663 0.05)
(1.559999999999704 0.7999999999995772 0.05)
(1.594999999999796 0.8499999999997083 0.05)
(1.629999999999853 0.8999999999997905 0.05)
(1.664999999999914 0.9499999999998769 0.05)
(1.650000000000388 1 0.05)
(1.600000000000776 1 0.05)
(1.550000000001164 1 0.05)
(1.500000000001552 1 0.05)
(1.45000000000194 1 0.05)
(1.400000000002329 1 0.05)
(1.350000000002717 1 0.05)
(1.300000000003105 1 0.05)
(1.250000000003493 1 0.05)
(1.200000000003838 1 0.05)
(1.15000000000316 1 0.05)
(1.100000000002438 1 0.05)
(1.050000000001716 1 0.05)
(1.00000000000102 1 0.05)
(0.9500000000008352 1 0.05)
(0.9000000000006682 1 0.05)
(0.8500000000005011 1 0.05)
(0.8000000000003341 1 0.05)
(0.750000000000167 1 0.05)
(0.6649999999999231 0.9499999999998903 0.05)
(0.6299999999998591 0.8999999999997987 0.05)
(0.5949999999999198 0.8499999999998855 0.05)
(0.5600000000001009 0.8000000000001443 0.05)
(0.5250000000002892 0.7500000000004132 0.05)
(0.4900000000004824 0.7000000000006892 0.05)
(0.4550000000006685 0.6500000000009551 0.05)
(0.420000000000866 0.6000000000012371 0.05)
(0.3850000000010641 0.5500000000015202 0.05)
(0.3500000000012485 0.5000000000017837 0.05)
(0.3150000000011314 0.4500000000016163 0.05)
(0.2800000000010069 0.4000000000014385 0.05)
(0.2450000000008776 0.3500000000012538 0.05)
(0.2100000000007531 0.3000000000010759 0.05)
(0.1750000000006329 0.2500000000009042 0.05)
(0.1400000000005035 0.2000000000007193 0.05)
(0.1050000000003812 0.1500000000005446 0.05)
(0.07000000000025741 0.1000000000003678 0.05)
(0.03500000000012515 0.05000000000017879 0.05)
(0.08500000000002766 0.05000000000016412 0)
(0.1200000000001638 0.1000000000003395 0)
(0.1550000000002911 0.1500000000005022 0)
(0.1900000000004153 0.2000000000006605 0)
(0.2250000000005469 0.2500000000008294 0)
(0.2600000000006701 0.3000000000009864 0)
(0.2950000000007968 0.3500000000011484 0)
(0.3300000000009281 0.4000000000013165 0)
(0.3650000000010553 0.4500000000014792 0)
(0.4000000000011757 0.5000000000016321 0)
(0.4350000000010187 0.5500000000013886 0)
(0.4700000000008489 0.6000000000011271 0)
(0.5050000000006806 0.6500000000008677 0)
(0.5400000000005226 0.7000000000006228 0)
(0.5750000000003562 0.7500000000003658 0)
(0.6100000000001945 0.800000000000116 0)
(0.6450000000000403 0.8499999999998765 0)
(0.679999999999999 0.8999999999997984 0)
(0.7150000000000766 0.9499999999998895 0)
(0.1349999999999448 0.05000000000014948 0)
(0.1700000000000839 0.1000000000003112 0)
(0.205000000000214 0.1500000000004598 0)
(0.2400000000003393 0.2000000000006017 0)
(0.2750000000004725 0.2500000000007548 0)
(0.3100000000005979 0.3000000000008969 0)
(0.3450000000007262 0.350000000001043 0)
(0.3800000000008582 0.4000000000011945 0)
(0.4150000000009876 0.450000000001342 0)
(0.4500000000011107 0.5000000000014809 0)
(0.4850000000009804 0.5500000000012574 0)
(0.520000000000838 0.6000000000010169 0)
(0.555000000000698 0.6500000000007801 0)
(0.5900000000005677 0.7000000000005566 0)
(0.6250000000004272 0.7500000000003186 0)
(0.6600000000002915 0.8000000000000875 0)
(0.6950000000001636 0.8499999999998676 0)
(0.7300000000001408 0.8999999999997979 0)
(0.7650000000002303 0.949999999999889 0)
(0.1849999999998372 0.05000000000013481 0)
(0.2199999999999807 0.1000000000002829 0)
(0.2550000000001149 0.1500000000004174 0)
(0.2900000000002426 0.200000000000543 0)
(0.3250000000003786 0.2500000000006802 0)
(0.3600000000005076 0.3000000000008075 0)
(0.3950000000006386 0.3500000000009377 0)
(0.430000000000773 0.4000000000010724 0)
(0.4650000000009056 0.4500000000012049 0)
(0.5000000000010327 0.5000000000013295 0)
(0.53500000000093 0.5500000000011259 0)
(0.5700000000008166 0.6000000000009068 0)
(0.6050000000007066 0.6500000000006925 0)
(0.640000000000605 0.7000000000004902 0)
(0.6750000000004914 0.7500000000002712 0)
(0.7100000000003829 0.8000000000000591 0)
(0.7450000000002825 0.8499999999998588 0)
(0.7800000000002796 0.8999999999997977 0)
(0.815000000000383 0.9499999999998882 0)
(0.2349999999996966 0.05000000000012016 0)
(0.2699999999998463 0.1000000000002546 0)
(0.3049999999999861 0.150000000000375 0)
(0.3400000000001182 0.2000000000004842 0)
(0.3750000000002586 0.2500000000006056 0)
(0.4100000000003929 0.3000000000007181 0)
(0.4450000000005283 0.3500000000008322 0)
(0.4800000000006666 0.4000000000009504 0)
(0.5150000000008044 0.4500000000010678 0)
(0.5500000000009373 0.5000000000011783 0)
(0.5850000000008642 0.5500000000009947 0)
(0.6200000000007814 0.6000000000007967 0)
(0.6550000000007026 0.6500000000006051 0)
(0.6900000000006317 0.7000000000004241 0)
(0.7250000000005471 0.7500000000002238 0)
(0.7600000000004674 0.8000000000000309 0)
(0.7950000000003965 0.8499999999998499 0)
(0.8300000000004151 0.8999999999997972 0)
(0.865000000000534 0.9499999999998878 0)
(0.284999999999556 0.0500000000001055 0)
(0.3199999999997118 0.1000000000002263 0)
(0.3549999999998573 0.1500000000003326 0)
(0.3899999999999936 0.2000000000004254 0)
(0.4250000000001386 0.250000000000531 0)
(0.4600000000002782 0.3000000000006287 0)
(0.4950000000004182 0.350000000000727 0)
(0.5300000000005605 0.4000000000008283 0)
(0.5650000000007034 0.4500000000009306 0)
(0.6000000000008419 0.5000000000010268 0)
(0.6350000000007985 0.5500000000008632 0)
(0.6700000000007463 0.6000000000006868 0)
(0.7050000000006988 0.6500000000005174 0)
(0.7400000000006584 0.7000000000003577 0)
(0.7750000000006028 0.7500000000001765 0)
(0.8100000000005521 0.8000000000000025 0)
(0.8450000000005103 0.8499999999998412 0)
(0.8800000000005505 0.8999999999997967 0)
(0.9150000000006848 0.9499999999998868 0)
(0.3349999999994164 0.05000000000009085 0)
(0.3699999999995791 0.1000000000001981 0)
(0.4049999999997312 0.1500000000002903 0)
(0.4399999999998725 0.2000000000003667 0)
(0.475000000000023 0.2500000000004563 0)
(0.5100000000001687 0.3000000000005392 0)
(0.5450000000003142 0.3500000000006215 0)
(0.5800000000004613 0.4000000000007061 0)
(0.6150000000006102 0.4500000000007934 0)
(0.6500000000007549 0.5000000000008754 0)
(0.6850000000007422 0.5500000000007318 0)
(0.7200000000007214 0.6000000000005768 0)
(0.7550000000007064 0.6500000000004297 0)
(0.7900000000006974 0.7000000000002915 0)
(0.8250000000006714 0.750000000000129 0)
(0.8600000000006506 0.7999999999999741 0)
(0.8950000000006391 0.8499999999998323 0)
(0.9300000000007018 0.8999999999997963 0)
(0.9650000000008525 0.9499999999998864 0)
(0.3849999999993023 0.05000000000007619 0)
(0.4199999999994976 0.1000000000001697 0)
(0.4549999999996822 0.1500000000002479 0)
(0.489999999999854 0.2000000000003078 0)
(0.5250000000000353 0.2500000000003817 0)
(0.560000000000213 0.3000000000004497 0)
(0.5950000000003893 0.3500000000005162 0)
(0.6300000000005666 0.4000000000005842 0)
(0.665000000000747 0.4500000000006563 0)
(0.7000000000009244 0.500000000000724 0)
(0.7350000000009674 0.5500000000006003 0)
(0.7700000000010037 0.6000000000004667 0)
(0.8050000000010464 0.6500000000003421 0)
(0.8400000000010944 0.7000000000002253 0)
(0.8750000000011241 0.7500000000000819 0)
(0.9100000000011584 0.7999999999999459 0)
(0.9450000000012027 0.8499999999998237 0)
(0.9800000000013134 0.8999999999997959 0)
(1.015000000001506 0.9499999999998854 0)
(0.4349999999991894 0.05000000000006154 0)
(0.4699999999994184 0.1000000000001414 0)
(0.5049999999996366 0.1500000000002054 0)
(0.5399999999998406 0.2000000000002491 0)
(0.5750000000000542 0.250000000000307 0)
(0.6100000000002647 0.3000000000003603 0)
(0.6450000000004732 0.3500000000004108 0)
(0.6800000000006823 0.4000000000004622 0)
(0.7150000000008956 0.4500000000005192 0)
(0.7500000000011062 0.5000000000005725 0)
(0.7850000000012071 0.5500000000004689 0)
(0.8200000000013017 0.6000000000003567 0)
(0.8550000000014033 0.6500000000002548 0)
(0.8900000000015099 0.7000000000001589 0)
(0.9250000000015957 0.7500000000000344 0)
(0.9600000000016868 0.7999999999999174 0)
(0.9950000000017882 0.8499999999998146 0)
(1.030000000001948 0.8999999999997955 0)
(1.065000000002184 0.9499999999998852 0)
(0.4849999999990767 0.05000000000004688 0)
(0.5199999999993394 0.1000000000001132 0)
(0.5549999999995914 0.150000000000163 0)
(0.589999999999827 0.2000000000001904 0)
(0.6250000000000728 0.2500000000002324 0)
(0.6600000000003162 0.300000000000271 0)
(0.6950000000005576 0.3500000000003055 0)
(0.730000000000798 0.40000000000034 0)
(0.7650000000010442 0.4500000000003819 0)
(0.8000000000012883 0.5000000000004213 0)
(0.8350000000014464 0.5500000000003377 0)
(0.8700000000015993 0.6000000000002464 0)
(0.9050000000017602 0.6500000000001672 0)
(0.9400000000019245 0.7000000000000928 0)
(0.9750000000020675 0.7499999999999871 0)
(1.010000000002215 0.799999999999889 0)
(1.045000000002374 0.8499999999998059 0)
(1.080000000002583 0.899999999999795 0)
(1.115000000002862 0.9499999999998842 0)
(0.5349999999989721 0.05000000000003223 0)
(0.569999999999266 0.1000000000000849 0)
(0.6049999999995483 0.1500000000001207 0)
(0.6399999999998135 0.2000000000001315 0)
(0.675000000000089 0.2500000000001578 0)
(0.7100000000003629 0.3000000000001815 0)
(0.7450000000006336 0.3500000000002 0)
(0.7800000000009031 0.4000000000002181 0)
(0.8150000000011792 0.4500000000002447 0)
(0.850000000001454 0.5000000000002699 0)
(0.8850000000016668 0.5500000000002062 0)
(0.9200000000018752 0.6000000000001365 0)
(0.9550000000020926 0.6500000000000793 0)
(0.9900000000023133 0.7000000000000264 0)
(1.025000000002509 0.7499999999999398 0)
(1.060000000002711 0.7999999999998606 0)
(1.095000000002924 0.849999999999797 0)
(1.13000000000318 0.8999999999997945 0)
(1.165000000003499 0.9499999999998837 0)
(0.5849999999990594 0.05000000000001757 0)
(0.6199999999993207 0.1000000000000566 0)
(0.6549999999995699 0.1500000000000783 0)
(0.6899999999998003 0.2000000000000728 0)
(0.7250000000000413 0.2500000000000832 0)
(0.7600000000002815 0.300000000000092 0)
(0.7950000000005176 0.3500000000000947 0)
(0.8300000000007522 0.400000000000096 0)
(0.8650000000009945 0.4500000000001077 0)
(0.9000000000012363 0.5000000000001187 0)
(0.9350000000014397 0.550000000000075 0)
(0.97000000000164 0.6000000000000266 0)
(1.00500000000185 0.6499999999999918 0)
(1.040000000002061 0.6999999999999602 0)
(1.075000000002248 0.7499999999998923 0)
(1.11000000000244 0.7999999999998324 0)
(1.145000000002643 0.8499999999997881 0)
(1.180000000002881 0.8999999999997943 0)
(1.215000000003177 0.9499999999998828 0)
(0.6349999999991552 0.05000000000000292 0)
(0.6699999999993809 0.1000000000000283 0)
(0.7049999999995943 0.1500000000000359 0)
(0.7399999999997869 0.200000000000014 0)
(0.774999999999991 0.2500000000000085 0)
(0.8100000000001948 0.3000000000000025 0)
(0.8450000000003934 0.3499999999999893 0)
(0.8800000000005909 0.399999999999974 0)
(0.9150000000007964 0.4499999999999705 0)
(0.950000000001002 0.4999999999999672 0)
(0.9850000000011934 0.5499999999999435 0)
(1.020000000001383 0.5999999999999165 0)
(1.055000000001582 0.6499999999999043 0)
(1.090000000001783 0.699999999999894 0)
(1.125000000001957 0.7499999999998452 0)
(1.160000000002136 0.799999999999804 0)
(1.195000000002327 0.8499999999997792 0)
(1.230000000002545 0.8999999999997939 0)
(1.265000000002815 0.9499999999998824 0)
(0.6849999999992508 0.04999999999998825 0)
(0.7199999999994408 0.09999999999999999 0)
(0.7549999999996184 0.1499999999999935 0)
(0.7899999999997736 0.1999999999999553 0)
(0.8249999999999403 0.2499999999999338 0)
(0.8600000000001079 0.2999999999999131 0)
(0.8950000000002697 0.349999999999884 0)
(0.9300000000004294 0.399999999999852 0)
(0.9650000000005983 0.4499999999998333 0)
(1.000000000000768 0.4999999999998158 0)
(1.035000000000947 0.5499999999998121 0)
(1.070000000001126 0.5999999999998064 0)
(1.105000000001315 0.6499999999998168 0)
(1.140000000001504 0.6999999999998276 0)
(1.175000000001665 0.7499999999997977 0)
(1.210000000001832 0.7999999999997758 0)
(1.24500000000201 0.8499999999997704 0)
(1.280000000002208 0.8999999999997934 0)
(1.315000000002452 0.9499999999998814 0)
(0.7349999999993461 0.04999999999997359 0)
(0.7699999999995011 0.09999999999997169 0)
(0.8049999999996426 0.1499999999999511 0)
(0.8399999999997604 0.1999999999998965 0)
(0.8749999999998899 0.2499999999998592 0)
(0.9100000000000212 0.2999999999998237 0)
(0.9450000000001458 0.3499999999997786 0)
(0.9800000000002679 0.3999999999997299 0)
(1.0150000000004 0.4499999999996963 0)
(1.050000000000534 0.4999999999996644 0)
(1.085000000000702 0.5499999999996806 0)
(1.120000000000868 0.5999999999996962 0)
(1.155000000001047 0.6499999999997293 0)
(1.190000000001226 0.6999999999997613 0)
(1.225000000001374 0.7499999999997502 0)
(1.260000000001527 0.7999999999997474 0)
(1.295000000001694 0.8499999999997615 0)
(1.330000000001872 0.899999999999793 0)
(1.365000000002089 0.9499999999998812 0)
(0.7849999999994416 0.04999999999995894 0)
(0.819999999999561 0.09999999999994343 0)
(0.8549999999996668 0.1499999999999087 0)
(0.8899999999997471 0.1999999999998377 0)
(0.92499999999984 0.2499999999997846 0)
(0.9599999999999345 0.2999999999997343 0)
(0.9950000000000219 0.3499999999996732 0)
(1.030000000000106 0.3999999999996077 0)
(1.065000000000202 0.4499999999995591 0)
(1.1000000000003 0.4999999999995129 0)
(1.135000000000455 0.5499999999995492 0)
(1.170000000000611 0.5999999999995863 0)
(1.205000000000779 0.6499999999996416 0)
(1.240000000000947 0.6999999999996951 0)
(1.275000000001083 0.7499999999997031 0)
(1.310000000001224 0.7999999999997189 0)
(1.345000000001377 0.8499999999997525 0)
(1.380000000001535 0.8999999999997927 0)
(1.415000000001727 0.9499999999998802 0)
(0.8349999999995374 0.04999999999994428 0)
(0.8699999999996211 0.09999999999991512 0)
(0.9049999999996912 0.1499999999998663 0)
(0.9399999999997338 0.1999999999997789 0)
(0.9749999999997896 0.2499999999997099 0)
(1.009999999999848 0.2999999999996448 0)
(1.044999999999898 0.3499999999995679 0)
(1.079999999999945 0.3999999999994858 0)
(1.115000000000004 0.4499999999994218 0)
(1.150000000000066 0.4999999999993616 0)
(1.185000000000209 0.549999999999418 0)
(1.220000000000354 0.5999999999994762 0)
(1.255000000000513 0.6499999999995542 0)
(1.290000000000668 0.6999999999996287 0)
(1.325000000000791 0.7499999999996556 0)
(1.360000000000919 0.7999999999996905 0)
(1.395000000001061 0.8499999999997437 0)
(1.430000000001199 0.8999999999997923 0)
(1.465000000001364 0.9499999999998797 0)
(0.8849999999996332 0.04999999999992961 0)
(0.9199999999996811 0.09999999999988683 0)
(0.9549999999997152 0.149999999999824 0)
(0.9899999999997207 0.1999999999997202 0)
(1.024999999999739 0.2499999999996353 0)
(1.059999999999761 0.2999999999995553 0)
(1.094999999999774 0.3499999999994625 0)
(1.129999999999783 0.3999999999993638 0)
(1.164999999999806 0.4499999999992847 0)
(1.199999999999831 0.4999999999992103 0)
(1.234999999999963 0.5499999999992865 0)
(1.270000000000097 0.5999999999993663 0)
(1.305000000000245 0.6499999999994664 0)
(1.34000000000039 0.6999999999995625 0)
(1.3750000000005 0.7499999999996083 0)
(1.410000000000616 0.7999999999996621 0)
(1.445000000000745 0.8499999999997349 0)
(1.480000000000863 0.8999999999997919 0)
(1.515000000001001 0.9499999999998788 0)
(0.9349999999997287 0.04999999999991496 0)
(0.9699999999997412 0.09999999999985855 0)
(1.004999999999739 0.1499999999997816 0)
(1.039999999999707 0.1999999999996614 0)
(1.074999999999689 0.2499999999995607 0)
(1.109999999999675 0.2999999999994659 0)
(1.14499999999965 0.3499999999993572 0)
(1.179999999999621 0.3999999999992417 0)
(1.214999999999608 0.4499999999991476 0)
(1.249999999999597 0.4999999999990589 0)
(1.284999999999717 0.5499999999991553 0)
(1.319999999999839 0.5999999999992561 0)
(1.354999999999978 0.649999999999379 0)
(1.390000000000112 0.6999999999994961 0)
(1.425000000000209 0.749999999999561 0)
(1.460000000000312 0.7999999999996339 0)
(1.495000000000428 0.849999999999726 0)
(1.530000000000526 0.8999999999997914 0)
(1.565000000000639 0.9499999999998783 0)
(0.9849999999998245 0.0499999999999003 0)
(1.019999999999801 0.09999999999983022 0)
(1.054999999999763 0.1499999999997391 0)
(1.089999999999695 0.1999999999996026 0)
(1.124999999999638 0.249999999999486 0)
(1.159999999999588 0.2999999999993766 0)
(1.194999999999526 0.3499999999992518 0)
(1.22999999999946 0.3999999999991197 0)
(1.26499999999941 0.4499999999990104 0)
(1.299999999999363 0.4999999999989074 0)
(1.334999999999471 0.5499999999990238 0)
(1.369999999999582 0.599999999999146 0)
(1.40499999999971 0.6499999999992915 0)
(1.439999999999833 0.69999999999943 0)
(1.474999999999918 0.7499999999995135 0)
(1.510000000000008 0.7999999999996057 0)
(1.545000000000112 0.8499999999997171 0)
(1.58000000000019 0.899999999999791 0)
(1.615000000000276 0.9499999999998775 0)
(0.08500000000002766 0.05000000000016412 0.05)
(0.1200000000001638 0.1000000000003395 0.05)
(0.1550000000002911 0.1500000000005022 0.05)
(0.1900000000004153 0.2000000000006605 0.05)
(0.2250000000005469 0.2500000000008294 0.05)
(0.2600000000006701 0.3000000000009864 0.05)
(0.2950000000007968 0.3500000000011484 0.05)
(0.3300000000009281 0.4000000000013165 0.05)
(0.3650000000010553 0.4500000000014792 0.05)
(0.4000000000011757 0.5000000000016321 0.05)
(0.4350000000010187 0.5500000000013886 0.05)
(0.4700000000008489 0.6000000000011271 0.05)
(0.5050000000006806 0.6500000000008677 0.05)
(0.5400000000005226 0.7000000000006228 0.05)
(0.5750000000003562 0.7500000000003658 0.05)
(0.6100000000001945 0.800000000000116 0.05)
(0.6450000000000403 0.8499999999998765 0.05)
(0.679999999999999 0.8999999999997984 0.05)
(0.7150000000000766 0.9499999999998895 0.05)
(0.1349999999999448 0.05000000000014948 0.05)
(0.1700000000000839 0.1000000000003112 0.05)
(0.205000000000214 0.1500000000004598 0.05)
(0.2400000000003393 0.2000000000006017 0.05)
(0.2750000000004725 0.2500000000007548 0.05)
(0.3100000000005979 0.3000000000008969 0.05)
(0.3450000000007262 0.350000000001043 0.05)
(0.3800000000008582 0.4000000000011945 0.05)
(0.4150000000009876 0.450000000001342 0.05)
(0.4500000000011107 0.5000000000014809 0.05)
(0.4850000000009804 0.5500000000012574 0.05)
(0.520000000000838 0.6000000000010169 0.05)
(0.555000000000698 0.6500000000007801 0.05)
(0.5900000000005677 0.7000000000005566 0.05)
(0.6250000000004272 0.7500000000003186 0.05)
(0.6600000000002915 0.8000000000000875 0.05)
(0.6950000000001636 0.8499999999998676 0.05)
(0.7300000000001408 0.8999999999997979 0.05)
(0.7650000000002303 0.949999999999889 0.05)
(0.1849999999998372 0.05000000000013481 0.05)
(0.2199999999999807 0.1000000000002829 0.05)
(0.2550000000001149 0.1500000000004174 0.05)
(0.2900000000002426 0.200000000000543 0.05)
(0.3250000000003786 0.2500000000006802 0.05)
(0.3600000000005076 0.3000000000008075 0.05)
(0.3950000000006386 0.3500000000009377 0.05)
(0.430000000000773 0.4000000000010724 0.05)
(0.4650000000009056 0.4500000000012049 0.05)
(0.5000000000010327 0.5000000000013295 0.05)
(0.53500000000093 0.5500000000011259 0.05)
(0.5700000000008166 0.6000000000009068 0.05)
(0.6050000000007066 0.6500000000006925 0.05)
(0.640000000000605 0.7000000000004902 0.05)
(0.6750000000004914 0.7500000000002712 0.05)
(0.7100000000003829 0.8000000000000591 0.05)
(0.7450000000002825 0.8499999999998588 0.05)
(0.7800000000002796 0.8999999999997977 0.05)
(0.815000000000383 0.9499999999998882 0.05)
(0.2349999999996966 0.05000000000012016 0.05)
(0.2699999999998463 0.1000000000002546 0.05)
(0.3049999999999861 0.150000000000375 0.05)
(0.3400000000001182 0.2000000000004842 0.05)
(0.3750000000002586 0.2500000000006056 0.05)
(0.4100000000003929 0.3000000000007181 0.05)
(0.4450000000005283 0.3500000000008322 0.05)
(0.4800000000006666 0.4000000000009504 0.05)
(0.5150000000008044 0.4500000000010678 0.05)
(0.5500000000009373 0.5000000000011783 0.05)
(0.5850000000008642 0.5500000000009947 0.05)
(0.6200000000007814 0.6000000000007967 0.05)
(0.6550000000007026 0.6500000000006051 0.05)
(0.6900000000006317 0.7000000000004241 0.05)
(0.7250000000005471 0.7500000000002238 0.05)
(0.7600000000004674 0.8000000000000309 0.05)
(0.7950000000003965 0.8499999999998499 0.05)
(0.8300000000004151 0.8999999999997972 0.05)
(0.865000000000534 0.9499999999998878 0.05)
(0.284999999999556 0.0500000000001055 0.05)
(0.3199999999997118 0.1000000000002263 0.05)
(0.3549999999998573 0.1500000000003326 0.05)
(0.3899999999999936 0.2000000000004254 0.05)
(0.4250000000001386 0.250000000000531 0.05)
(0.4600000000002782 0.3000000000006287 0.05)
(0.4950000000004182 0.350000000000727 0.05)
(0.5300000000005605 0.4000000000008283 0.05)
(0.5650000000007034 0.4500000000009306 0.05)
(0.6000000000008419 0.5000000000010268 0.05)
(0.6350000000007985 0.5500000000008632 0.05)
(0.6700000000007463 0.6000000000006868 0.05)
(0.7050000000006988 0.6500000000005174 0.05)
(0.7400000000006584 0.7000000000003577 0.05)
(0.7750000000006028 0.7500000000001765 0.05)
(0.8100000000005521 0.8000000000000025 0.05)
(0.8450000000005103 0.8499999999998412 0.05)
(0.8800000000005505 0.8999999999997967 0.05)
(0.9150000000006848 0.9499999999998868 0.05)
(0.3349999999994164 0.05000000000009085 0.05)
(0.3699999999995791 0.1000000000001981 0.05)
(0.4049999999997312 0.1500000000002903 0.05)
(0.4399999999998725 0.2000000000003667 0.05)
(0.475000000000023 0.2500000000004563 0.05)
(0.5100000000001687 0.3000000000005392 0.05)
(0.5450000000003142 0.3500000000006215 0.05)
(0.5800000000004613 0.4000000000007061 0.05)
(0.6150000000006102 0.4500000000007934 0.05)
(0.6500000000007549 0.5000000000008754 0.05)
(0.6850000000007422 0.5500000000007318 0.05)
(0.7200000000007214 0.6000000000005768 0.05)
(0.7550000000007064 0.6500000000004297 0.05)
(0.7900000000006974 0.7000000000002915 0.05)
(0.8250000000006714 0.750000000000129 0.05)
(0.8600000000006506 0.7999999999999741 0.05)
(0.8950000000006391 0.8499999999998323 0.05)
(0.9300000000007018 0.8999999999997963 0.05)
(0.9650000000008525 0.9499999999998864 0.05)
(0.3849999999993023 0.05000000000007619 0.05)
(0.4199999999994976 0.1000000000001697 0.05)
(0.4549999999996822 0.1500000000002479 0.05)
(0.489999999999854 0.2000000000003078 0.05)
(0.5250000000000353 0.2500000000003817 0.05)
(0.560000000000213 0.3000000000004497 0.05)
(0.5950000000003893 0.3500000000005162 0.05)
(0.6300000000005666 0.4000000000005842 0.05)
(0.665000000000747 0.4500000000006563 0.05)
(0.7000000000009244 0.500000000000724 0.05)
(0.7350000000009674 0.5500000000006003 0.05)
(0.7700000000010037 0.6000000000004667 0.05)
(0.8050000000010464 0.6500000000003421 0.05)
(0.8400000000010944 0.7000000000002253 0.05)
(0.8750000000011241 0.7500000000000819 0.05)
(0.9100000000011584 0.7999999999999459 0.05)
(0.9450000000012027 0.8499999999998237 0.05)
(0.9800000000013134 0.8999999999997959 0.05)
(1.015000000001506 0.9499999999998854 0.05)
(0.4349999999991894 0.05000000000006154 0.05)
(0.4699999999994184 0.1000000000001414 0.05)
(0.5049999999996366 0.1500000000002054 0.05)
(0.5399999999998406 0.2000000000002491 0.05)
(0.5750000000000542 0.250000000000307 0.05)
(0.6100000000002647 0.3000000000003603 0.05)
(0.6450000000004732 0.3500000000004108 0.05)
(0.6800000000006823 0.4000000000004622 0.05)
(0.7150000000008956 0.4500000000005192 0.05)
(0.7500000000011062 0.5000000000005725 0.05)
(0.7850000000012071 0.5500000000004689 0.05)
(0.8200000000013017 0.6000000000003567 0.05)
(0.8550000000014033 0.6500000000002548 0.05)
(0.8900000000015099 0.7000000000001589 0.05)
(0.9250000000015957 0.7500000000000344 0.05)
(0.9600000000016868 0.7999999999999174 0.05)
(0.9950000000017882 0.8499999999998146 0.05)
(1.030000000001948 0.8999999999997955 0.05)
(1.065000000002184 0.9499999999998852 0.05)
(0.4849999999990767 0.05000000000004688 0.05)
(0.5199999999993394 0.1000000000001132 0.05)
(0.5549999999995914 0.150000000000163 0.05)
(0.589999999999827 0.2000000000001904 0.05)
(0.6250000000000728 0.2500000000002324 0.05)
(0.6600000000003162 0.300000000000271 0.05)
(0.6950000000005576 0.3500000000003055 0.05)
(0.730000000000798 0.40000000000034 0.05)
(0.7650000000010442 0.4500000000003819 0.05)
(0.8000000000012883 0.5000000000004213 0.05)
(0.8350000000014464 0.5500000000003377 0.05)
(0.8700000000015993 0.6000000000002464 0.05)
(0.9050000000017602 0.6500000000001672 0.05)
(0.9400000000019245 0.7000000000000928 0.05)
(0.9750000000020675 0.7499999999999871 0.05)
(1.010000000002215 0.799999999999889 0.05)
(1.045000000002374 0.8499999999998059 0.05)
(1.080000000002583 0.899999999999795 0.05)
(1.115000000002862 0.9499999999998842 0.05)
(0.5349999999989721 0.05000000000003223 0.05)
(0.569999999999266 0.1000000000000849 0.05)
(0.6049999999995483 0.1500000000001207 0.05)
(0.6399999999998135 0.2000000000001315 0.05)
(0.675000000000089 0.2500000000001578 0.05)
(0.7100000000003629 0.3000000000001815 0.05)
(0.7450000000006336 0.3500000000002 0.05)
(0.7800000000009031 0.4000000000002181 0.05)
(0.8150000000011792 0.4500000000002447 0.05)
(0.850000000001454 0.5000000000002699 0.05)
(0.8850000000016668 0.5500000000002062 0.05)
(0.9200000000018752 0.6000000000001365 0.05)
(0.9550000000020926 0.6500000000000793 0.05)
(0.9900000000023133 0.7000000000000264 0.05)
(1.025000000002509 0.7499999999999398 0.05)
(1.060000000002711 0.7999999999998606 0.05)
(1.095000000002924 0.849999999999797 0.05)
(1.13000000000318 0.8999999999997945 0.05)
(1.165000000003499 0.9499999999998837 0.05)
(0.5849999999990594 0.05000000000001757 0.05)
(0.6199999999993207 0.1000000000000566 0.05)
(0.6549999999995699 0.1500000000000783 0.05)
(0.6899999999998003 0.2000000000000728 0.05)
(0.7250000000000413 0.2500000000000832 0.05)
(0.7600000000002815 0.300000000000092 0.05)
(0.7950000000005176 0.3500000000000947 0.05)
(0.8300000000007522 0.400000000000096 0.05)
(0.8650000000009945 0.4500000000001077 0.05)
(0.9000000000012363 0.5000000000001187 0.05)
(0.9350000000014397 0.550000000000075 0.05)
(0.97000000000164 0.6000000000000266 0.05)
(1.00500000000185 0.6499999999999918 0.05)
(1.040000000002061 0.6999999999999602 0.05)
(1.075000000002248 0.7499999999998923 0.05)
(1.11000000000244 0.7999999999998324 0.05)
(1.145000000002643 0.8499999999997881 0.05)
(1.180000000002881 0.8999999999997943 0.05)
(1.215000000003177 0.9499999999998828 0.05)
(0.6349999999991552 0.05000000000000292 0.05)
(0.6699999999993809 0.1000000000000283 0.05)
(0.7049999999995943 0.1500000000000359 0.05)
(0.7399999999997869 0.200000000000014 0.05)
(0.774999999999991 0.2500000000000085 0.05)
(0.8100000000001948 0.3000000000000025 0.05)
(0.8450000000003934 0.3499999999999893 0.05)
(0.8800000000005909 0.399999999999974 0.05)
(0.9150000000007964 0.4499999999999705 0.05)
(0.950000000001002 0.4999999999999672 0.05)
(0.9850000000011934 0.5499999999999435 0.05)
(1.020000000001383 0.5999999999999165 0.05)
(1.055000000001582 0.6499999999999043 0.05)
(1.090000000001783 0.699999999999894 0.05)
(1.125000000001957 0.7499999999998452 0.05)
(1.160000000002136 0.799999999999804 0.05)
(1.195000000002327 0.8499999999997792 0.05)
(1.230000000002545 0.8999999999997939 0.05)
(1.265000000002815 0.9499999999998824 0.05)
(0.6849999999992508 0.04999999999998825 0.05)
(0.7199999999994408 0.09999999999999999 0.05)
(0.7549999999996184 0.1499999999999935 0.05)
(0.7899999999997736 0.1999999999999553 0.05)
(0.8249999999999403 0.2499999999999338 0.05)
(0.8600000000001079 0.2999999999999131 0.05)
(0.8950000000002697 0.349999999999884 0.05)
(0.9300000000004294 0.399999999999852 0.05)
(0.9650000000005983 0.4499999999998333 0.05)
(1.000000000000768 0.4999999999998158 0.05)
(1.035000000000947 0.5499999999998121 0.05)
(1.070000000001126 0.5999999999998064 0.05)
(1.105000000001315 0.6499999999998168 0.05)
(1.140000000001504 0.6999999999998276 0.05)
(1.175000000001665 0.7499999999997977 0.05)
(1.210000000001832 0.7999999999997758 0.05)
(1.24500000000201 0.8499999999997704 0.05)
(1.280000000002208 0.8999999999997934 0.05)
(1.315000000002452 0.9499999999998814 0.05)
(0.7349999999993461 0.04999999999997359 0.05)
(0.7699999999995011 0.09999999999997169 0.05)
(0.8049999999996426 0.1499999999999511 0.05)
(0.8399999999997604 0.1999999999998965 0.05)
(0.8749999999998899 0.2499999999998592 0.05)
(0.9100000000000212 0.2999999999998237 0.05)
(0.9450000000001458 0.3499999999997786 0.05)
(0.9800000000002679 0.3999999999997299 0.05)
(1.0150000000004 0.4499999999996963 0.05)
(1.050000000000534 0.4999999999996644 0.05)
(1.085000000000702 0.5499999999996806 0.05)
(1.120000000000868 0.5999999999996962 0.05)
(1.155000000001047 0.6499999999997293 0.05)
(1.190000000001226 0.6999999999997613 0.05)
(1.225000000001374 0.7499999999997502 0.05)
(1.260000000001527 0.7999999999997474 0.05)
(1.295000000001694 0.8499999999997615 0.05)
(1.330000000001872 0.899999999999793 0.05)
(1.365000000002089 0.9499999999998812 0.05)
(0.7849999999994416 0.04999999999995894 0.05)
(0.819999999999561 0.09999999999994343 0.05)
(0.8549999999996668 0.1499999999999087 0.05)
(0.8899999999997471 0.1999999999998377 0.05)
(0.92499999999984 0.2499999999997846 0.05)
(0.9599999999999345 0.2999999999997343 0.05)
(0.9950000000000219 0.3499999999996732 0.05)
(1.030000000000106 0.3999999999996077 0.05)
(1.065000000000202 0.4499999999995591 0.05)
(1.1000000000003 0.4999999999995129 0.05)
(1.135000000000455 0.5499999999995492 0.05)
(1.170000000000611 0.5999999999995863 0.05)
(1.205000000000779 0.6499999999996416 0.05)
(1.240000000000947 0.6999999999996951 0.05)
(1.275000000001083 0.7499999999997031 0.05)
(1.310000000001224 0.7999999999997189 0.05)
(1.345000000001377 0.8499999999997525 0.05)
(1.380000000001535 0.8999999999997927 0.05)
(1.415000000001727 0.9499999999998802 0.05)
(0.8349999999995374 0.04999999999994428 0.05)
(0.8699999999996211 0.09999999999991512 0.05)
(0.9049999999996912 0.1499999999998663 0.05)
(0.9399999999997338 0.1999999999997789 0.05)
(0.9749999999997896 0.2499999999997099 0.05)
(1.009999999999848 0.2999999999996448 0.05)
(1.044999999999898 0.3499999999995679 0.05)
(1.079999999999945 0.3999999999994858 0.05)
(1.115000000000004 0.4499999999994218 0.05)
(1.150000000000066 0.4999999999993616 0.05)
(1.185000000000209 0.549999999999418 0.05)
(1.220000000000354 0.5999999999994762 0.05)
(1.255000000000513 0.6499999999995542 0.05)
(1.290000000000668 0.6999999999996287 0.05)
(1.325000000000791 0.7499999999996556 0.05)
(1.360000000000919 0.7999999999996905 0.05)
(1.395000000001061 0.8499999999997437 0.05)
(1.430000000001199 0.8999999999997923 0.05)
(1.465000000001364 0.9499999999998797 0.05)
(0.8849999999996332 0.04999999999992961 0.05)
(0.9199999999996811 0.09999999999988683 0.05)
(0.9549999999997152 0.149999999999824 0.05)
(0.9899999999997207 0.1999999999997202 0.05)
(1.024999999999739 0.2499999999996353 0.05)
(1.059999999999761 0.2999999999995553 0.05)
(1.094999999999774 0.3499999999994625 0.05)
(1.129999999999783 0.3999999999993638 0.05)
(1.164999999999806 0.4499999999992847 0.05)
(1.199999999999831 0.4999999999992103 0.05)
(1.234999999999963 0.5499999999992865 0.05)
(1.270000000000097 0.5999999999993663 0.05)
(1.305000000000245 0.6499999999994664 0.05)
(1.34000000000039 0.6999999999995625 0.05)
(1.3750000000005 0.7499999999996083 0.05)
(1.410000000000616 0.7999999999996621 0.05)
(1.445000000000745 0.8499999999997349 0.05)
(1.480000000000863 0.8999999999997919 0.05)
(1.515000000001001 0.9499999999998788 0.05)
(0.9349999999997287 0.04999999999991496 0.05)
(0.9699999999997412 0.09999999999985855 0.05)
(1.004999999999739 0.1499999999997816 0.05)
(1.039999999999707 0.1999999999996614 0.05)
(1.074999999999689 0.2499999999995607 0.05)
(1.109999999999675 0.2999999999994659 0.05)
(1.14499999999965 0.3499999999993572 0.05)
(1.179999999999621 0.3999999999992417 0.05)
(1.214999999999608 0.4499999999991476 0.05)
(1.249999999999597 0.4999999999990589 0.05)
(1.284999999999717 0.5499999999991553 0.05)
(1.319999999999839 0.5999999999992561 0.05)
(1.354999999999978 0.649999999999379 0.05)
(1.390000000000112 0.6999999999994961 0.05)
(1.425000000000209 0.749999999999561 0.05)
(1.460000000000312 0.7999999999996339 0.05)
(1.495000000000428 0.849999999999726 0.05)
(1.530000000000526 0.8999999999997914 0.05)
(1.565000000000639 0.9499999999998783 0.05)
(0.9849999999998245 0.0499999999999003 0.05)
(1.019999999999801 0.09999999999983022 0.05)
(1.054999999999763 0.1499999999997391 0.05)
(1.089999999999695 0.1999999999996026 0.05)
(1.124999999999638 0.249999999999486 0.05)
(1.159999999999588 0.2999999999993766 0.05)
(1.194999999999526 0.3499999999992518 0.05)
(1.22999999999946 0.3999999999991197 0.05)
(1.26499999999941 0.4499999999990104 0.05)
(1.299999999999363 0.4999999999989074 0.05)
(1.334999999999471 0.5499999999990238 0.05)
(1.369999999999582 0.599999999999146 0.05)
(1.40499999999971 0.6499999999992915 0.05)
(1.439999999999833 0.69999999999943 0.05)
(1.474999999999918 0.7499999999995135 0.05)
(1.510000000000008 0.7999999999996057 0.05)
(1.545000000000112 0.8499999999997171 0.05)
(1.58000000000019 0.899999999999791 0.05)
(1.615000000000276 0.9499999999998775 0.05)
)


// ************************************************************************* //
